mse_f1: 101143.640625
mse_f2: 143552.40625
mse_f3: 109301.765625
r2_f1: 0.06802845001220703
r2_f2: 0.0649225115776062
r2_f3: 0.03117471933364868
